# Undirected graph (each unordered pair of nodes is saved once): pull.txt
# Nodes: 4603 Edges: 4131
# NodeId	NodeId
117519	210559
34494	180674
180674	184672
180674	184858
180674	186479
180674	210218
180674	211873
180674	223543
180674	225750
180674	227721
180674	236300
180674	243681
180674	246991
180674	262267
180674	262871
180674	298626
116812	286237
117578	117578
61306	85559
85559	100005
85559	123725
85559	126456
85559	127525
85559	157400
85559	180792
85559	183374
85559	188360
85559	241088
85559	260246
85559	264282
85559	272560
85559	281506
3741	140048
140048	146368
140048	164257
140048	173419
140048	186026
140048	209583
140048	234717
140048	235875
140048	289581
68075	98464
59634	124431
124431	131102
124431	137187
124431	149934
124431	183522
124431	188003
124431	209074
124431	225154
124431	245522
9348	53711
53711	56498
53711	85706
53711	87343
53711	97097
53711	99663
53711	101617
53711	102572
53711	105600
53711	106186
53711	107036
53711	109649
53711	116600
53711	121690
53711	124394
53711	140357
53711	140975
53711	141748
53711	153458
53711	157093
53711	158239
53711	159190
53711	171044
53711	171427
53711	173235
53711	178210
53711	181411
53711	187873
53711	188197
53711	191099
53711	194829
53711	201970
53711	207880
53711	209513
53711	211684
53711	215780
53711	218914
53711	227215
53711	233077
53711	233231
53711	242558
53711	249232
53711	254227
53711	271526
113621	114003
113621	117797
113621	121446
113621	121907
113621	127953
113621	128014
113621	132959
113621	135295
113621	135564
113621	153215
113621	154307
113621	176395
113621	176524
113621	183007
113621	183549
113621	184218
113621	186566
113621	186617
113621	188743
113621	189032
113621	189192
113621	191630
113621	196212
113621	198311
113621	198882
113621	208696
113621	223115
113621	223120
113621	233521
113621	234704
113621	237331
113621	238722
113621	241893
113621	241954
113621	245716
113621	249226
113621	258557
113621	262225
113621	264252
113621	265278
113621	271740
113621	275065
113621	278561
113621	279572
113621	279754
113621	283398
113621	286445
113621	287227
113621	287240
113621	288596
113621	292639
113621	294214
113621	294568
64659	156688
156688	168392
156688	176814
156688	210342
156688	236593
74821	147524
2638	57764
2638	187259
66417	98464
69662	72411
69662	74821
69662	77131
69662	79076
69662	79333
69662	79752
69662	81155
69662	100650
69662	113260
69662	114374
69662	117982
69662	119423
69662	120242
69662	123939
69662	130471
69662	139066
69662	148853
69662	153440
69662	162212
69662	172254
69662	174138
69662	176995
69662	180230
69662	181780
69662	186360
69662	188657
69662	192782
69662	194112
69662	200884
69662	203322
69662	204659
69662	206750
69662	214939
69662	228687
69662	234484
69662	235962
69662	243958
69662	258690
69662	261841
69662	263920
69662	291375
69662	295148
69662	298214
10742	156688
117887	299760
22760	302421
12040	140048
118046	124431
69782	230610
230610	261679
2210	4317
2210	16177
2210	58027
2210	304443
16177	16669
16177	17830
16177	18166
16177	18474
16177	18559
16177	19090
16177	19931
16177	20459
16177	21715
16177	21966
16177	23016
16177	23536
16177	24925
16177	26016
16177	26091
16177	26347
16177	27205
16177	31075
16177	32692
16177	32723
16177	32813
16177	33481
16177	34766
16177	36904
16177	37284
16177	38094
16177	40506
16177	41785
16177	42300
16177	43760
16177	44772
16177	46214
16177	46304
16177	47111
16177	47548
16177	47868
16177	48253
16177	49778
16177	51902
16177	55087
16177	55564
16177	59142
16177	59468
16177	61125
16177	61427
16177	63863
16177	64220
16177	65143
16177	67135
16177	68381
16177	68796
16177	68830
16177	68891
16177	73747
16177	73995
16177	74793
16177	74872
16177	75619
16177	75852
16177	76867
16177	78512
16177	78773
16177	79653
16177	80814
16177	80923
16177	82108
16177	83561
16177	83719
16177	85024
16177	88763
16177	89040
16177	92623
16177	94829
16177	99101
16177	99192
16177	103673
16177	104490
16177	105113
16177	105865
16177	106193
16177	108617
16177	109713
16177	111418
16177	112156
16177	114503
16177	115143
16177	116375
16177	118486
16177	118531
16177	118935
16177	119574
16177	120280
16177	121352
16177	122640
16177	124244
16177	126382
16177	126667
16177	127042
16177	135082
16177	135835
16177	139434
16177	143283
16177	145838
16177	147521
16177	147859
16177	148906
16177	149578
16177	151347
16177	152036
16177	157882
16177	158946
16177	162580
16177	164819
16177	167534
16177	168099
16177	169729
16177	174014
16177	175476
16177	178965
16177	191522
16177	202706
16177	206546
16177	211365
16177	212185
16177	213085
16177	215656
16177	226054
16177	233665
16177	255310
16177	257017
16177	262301
16177	262317
16177	266742
16177	283090
4307	9078
4307	10339
4307	10851
4307	11109
4307	11520
4307	16951
4307	19139
4307	20169
4307	25181
4307	33609
4307	39779
4307	42303
4307	45851
4307	73558
4307	76420
4307	91717
4307	110189
4307	114153
4307	116623
4307	134334
4307	156690
4307	179192
4307	185927
4307	226116
4307	270982
4307	283854
52013	249627
78603	286237
24445	88155
24445	194951
194951	217685
59180	251969
23719	103935
15216	286237
118457	283910
283910	284050
283910	296897
283910	299051
31879	255645
9953	10318
9953	11115
9953	12749
9953	13505
9953	16984
9953	17030
9953	17032
9953	18838
9953	22801
9953	25285
9953	26359
9953	32264
9953	33252
9953	33461
9953	35507
9953	41281
9953	42670
9953	43414
9953	46094
9953	50338
9953	53170
9953	53912
9953	62153
9953	63579
9953	68806
9953	73805
9953	77187
9953	82975
9953	90156
9953	90358
9953	90754
9953	90873
9953	93347
9953	101212
9953	103248
9953	105647
9953	120873
9953	122572
9953	136398
9953	142070
9953	158279
9953	169124
9953	171997
9953	179781
9953	190600
9953	190627
9953	191490
9953	194707
9953	196949
9953	209224
9953	223563
9953	243022
9953	257456
9953	277747
9953	291631
9953	296573
46848	276905
32029	222375
67325	202249
367	268306
268306	298051
57445	57445
57445	110995
11257	16177
9381	10466
9381	10554
9381	11012
9381	11473
9381	11952
9381	11981
9381	12463
9381	12499
9381	13357
9381	13543
9381	15123
9381	15672
9381	15873
9381	16513
9381	17860
9381	18942
9381	19704
9381	20565
9381	21123
9381	22947
9381	24500
9381	25748
9381	25824
9381	26018
9381	26610
9381	28997
9381	30798
9381	30962
9381	35038
9381	35167
9381	36897
9381	39127
9381	39679
9381	40121
9381	41844
9381	44186
9381	47198
9381	47303
9381	50668
9381	50819
9381	51404
9381	52653
9381	53529
9381	54078
9381	54501
9381	59528
9381	63440
9381	64388
9381	67850
9381	75418
9381	78279
9381	79380
9381	87933
9381	97721
9381	98256
9381	100026
9381	103327
9381	119883
9381	123408
9381	151705
9381	152851
9381	156124
9381	164915
9381	168257
9381	171156
9381	184218
9381	188698
9381	191875
9381	206442
9381	209875
9381	211929
9381	214576
9381	216764
9381	222875
9381	225567
9381	228168
9381	236605
9381	238468
9381	260794
6140	109524
109524	126524
109524	148661
109524	150364
109524	167986
109524	170279
109524	171658
109524	216955
109524	237058
109524	252606
109524	281958
109524	288037
90340	98827
90340	108832
90340	109727
90340	152104
90340	155755
90340	156615
90340	165694
862	9953
43190	169689
10809	109524
4658	106302
106302	192225
19570	20844
19570	28533
19570	30621
19570	32393
19570	35611
19570	36890
19570	44307
19570	44998
19570	53532
19570	65160
19570	66220
19570	68553
19570	81633
19570	85908
19570	119064
19570	122059
19570	122588
19570	136722
19570	148654
19570	150127
19570	173528
19570	290361
19570	297500
82482	107419
82482	108563
82482	167647
82482	176834
82482	199065
82482	272965
13583	51644
51644	54047
51644	57274
51644	61225
51644	63681
51644	90802
51644	97550
51644	125010
51644	154831
51644	159328
51644	189078
51644	201553
51644	261244
51644	267954
118868	284342
110646	118868
110646	118882
110646	214678
110646	224921
55761	140048
72131	118764
34384	118764
99101	155561
155561	159445
155561	162789
155561	173349
155561	175476
155561	187176
155561	206053
155561	213570
155561	214234
155561	225242
155561	241277
155561	267613
155561	281977
4120	46818
4120	103935
4120	246888
74152	109116
67797	268306
13050	16177
17815	59236
17815	108929
17815	119717
17815	159720
17815	239229
17815	268179
17815	276073
92737	117260
47176	82417
47176	82651
47176	92737
47176	166536
47176	251090
47176	259958
47176	290691
24925	192468
22755	29973
22755	36770
22443	35066
35066	110189
9367	9381
9367	87103
9367	166462
9367	258424
258424	263074
17534	82482
16528	82482
14862	140048
17611	249627
34477	35154
3296	9953
3296	88155
3296	96580
3296	126002
96580	103381
96580	105473
96580	113118
96580	119549
96580	121877
96580	125041
96580	125921
96580	129485
96580	133279
96580	149623
96580	149968
96580	151234
96580	155369
96580	204639
96580	211919
96580	216488
96580	267668
3955	273271
2934	19570
2934	88155
24389	64074
64074	64459
64074	80924
64074	101439
64074	106206
64074	108644
64074	115524
64074	143530
64074	187709
64074	192946
119692	222648
3834	4307
3834	88155
3834	126002
3834	131981
3834	156266
88155	90643
88155	91221
88155	92623
88155	96323
88155	100674
88155	102406
88155	102572
88155	108208
88155	113831
88155	119883
88155	120018
88155	120132
88155	120621
88155	123591
88155	126226
88155	128906
88155	129513
88155	130012
88155	132292
88155	137580
88155	141095
88155	142338
88155	144785
88155	153987
88155	163820
88155	170193
88155	171961
88155	173809
88155	173864
88155	177983
88155	179804
88155	180113
88155	204824
88155	211255
88155	212322
88155	214015
88155	217043
88155	229731
88155	235849
88155	238612
88155	247112
88155	249748
88155	279054
88155	289022
88155	290219
88155	293313
2379	76280
2379	303909
76280	119064
76280	250561
76280	265884
29823	210085
61987	120054
84100	302766
166462	216764
9342	9342
9342	12959
9342	15287
9342	18934
9342	29434
9342	37279
9342	48147
9342	62044
9342	93482
9342	120151
9342	137886
9342	161620
9342	169285
9342	181094
9342	184447
9342	192475
9342	192887
9342	196364
9342	253383
110750	120223
110750	120418
56639	196313
196313	256766
196313	285949
54124	54138
54124	120316
54124	193217
120359	121229
121229	127261
121229	143957
121229	156082
121229	163966
121229	166834
121229	170108
121229	179733
121229	211657
121229	219080
121229	235442
2194	222648
30990	49321
30990	286237
11473	102304
11473	169600
169600	181228
169600	188698
169600	259216
53343	96580
19103	292872
292872	298909
4317	7339
4317	33107
4317	35325
4317	46695
4317	47868
4317	67135
4317	107813
4317	134070
4317	146148
4317	241301
4317	257392
1994	64074
15864	96580
30467	210085
18956	96580
120666	250573
250573	282497
18632	202249
905	206216
4396	16177
4396	212446
5197	16177
5197	212446
21334	226094
15266	82460
82460	89131
82460	100013
82460	102627
55233	55233
55233	62611
55233	87885
55233	91733
55233	94190
55233	104105
55233	118803
55233	120896
55233	246827
55233	280559
55233	284777
35870	169689
119064	230982
23171	55233
23171	140048
26726	226797
226797	253878
226797	256459
92991	283910
121127	124431
71221	266201
25223	54113
25223	121242
9322	19400
19400	24381
19400	47396
19400	113636
19400	245615
36010	84191
84191	108825
84191	144736
84191	163982
84191	164271
84191	175999
84191	206545
84191	211690
84191	214407
84191	230558
12754	61987
856	121229
44597	261393
17627	17813
17627	39841
17627	61735
17627	63185
17627	64371
17627	71028
17627	77549
17627	84960
17627	92146
17627	136273
17627	140722
17627	149394
17627	184333
17627	190627
17627	221564
17627	235982
17627	244589
3803	9381
45953	49321
45953	286237
49321	96265
46140	180674
121811	192465
121811	223511
79793	97256
79793	97938
79793	121811
79793	229121
79793	243978
41295	197989
41295	264448
197989	221527
3291	212446
212446	219309
92574	283910
36210	84191
1639	206216
58027	70754
58027	74801
58027	78995
58027	79195
58027	85648
58027	96855
58027	111418
58027	148900
58027	160592
8182	124431
8182	155561
122296	180674
104227	180674
114438	114970
114438	116468
114438	152203
114438	178934
114438	189539
54279	180674
101789	117260
117260	120644
117260	125898
117260	132179
117260	134582
117260	140384
117260	150316
117260	152507
117260	153621
117260	155974
117260	170612
117260	177471
117260	178448
117260	184459
117260	191938
117260	202543
117260	218526
117260	225875
117260	230484
117260	237524
117260	240086
117260	247902
117260	257926
117260	270385
117260	282919
117260	288254
29357	286237
664	664
664	7122
664	16759
664	30528
664	35897
664	42243
664	43386
664	51721
664	51753
664	67249
664	95313
664	106594
664	112955
664	151107
664	155996
664	159043
664	203102
664	224144
31573	109524
3569	46818
46818	54754
46818	72741
46818	75713
46818	190179
46818	244340
123151	206216
23383	121229
9274	299718
12031	117260
128	129
74082	113621
1577	69662
76289	76970
76289	89497
76289	94296
76289	94525
76289	97946
76289	97970
76289	101843
76289	104698
76289	111403
76289	115493
76289	121311
76289	130156
76289	153854
76289	157477
76289	162859
76289	162944
76289	165434
76289	179444
76289	194227
76289	194689
76289	203722
76289	208124
76289	236093
76289	242023
76289	250643
76289	259425
76289	283223
76289	286380
75014	259518
61952	78463
61952	116765
61952	123190
61952	181390
61952	194766
61952	220852
61952	225532
61952	282775
112493	140048
1109	180674
19673	53711
12580	76275
12580	292663
83650	286237
5142	7124
7124	19140
7124	43120
7124	62488
7124	72471
7124	97657
7124	134639
7124	155060
36168	53711
36168	69662
66889	179598
14086	118460
4324	115948
115948	141308
115948	150597
115948	158361
115948	277455
336	9953
1378	69662
57956	142663
142663	185156
4991	7124
36102	205219
52738	124281
52738	288287
297	77814
77814	90124
77814	230042
55936	242061
86335	89407
86335	108606
86449	143246
143246	147802
143246	158909
143246	184045
143246	214584
143246	215140
143246	223195
143246	226264
46562	121229
6067	143246
123820	201910
79043	123820
7044	17627
7044	142522
1573	203010
203010	204211
203010	208021
203010	230439
203010	230584
203010	235677
203010	251255
203010	299251
26786	32004
26786	48704
26786	89704
26786	123688
26786	150238
6243	16177
6243	121229
57	68107
68107	82360
22152	36961
36961	129007
36961	132870
36961	190163
36961	212672
36961	235082
36961	252122
36961	269368
35865	180674
2837	222268
2837	298074
125105	254931
29762	76275
29762	292663
124807	235272
235272	249585
122486	196313
72926	88293
72926	92902
72926	125209
7446	226094
24716	218315
24716	230610
109437	192465
192465	243978
125721	165012
24350	30966
24350	58328
24350	96655
24350	164990
125928	302766
28204	28204
28204	82608
28204	88853
28204	93872
28204	119639
28204	199736
94508	205219
49026	261393
17439	142663
23614	261393
8158	126346
8158	129962
48050	105455
48050	126368
48050	149161
48050	265691
74958	261145
126426	229982
229982	287234
35576	246805
79911	299718
43267	60131
60131	134723
60131	208408
39391	93402
93402	144254
84330	117260
70337	127038
25150	51644
14353	157010
127322	286237
5343	66866
66866	165594
2692	115948
82589	86335
127493	196252
4477	16177
20565	169600
121785	196252
126739	286553
66119	88155
66119	240753
22532	121229
703	4307
83234	161261
161261	223678
4601	283910
39830	225468
39830	292872
24384	283910
50936	53711
41137	140048
96913	96913
128005	241682
11889	299760
128269	254836
128275	143127
128275	155561
143127	190992
51847	299718
63514	282260
19346	292872
28858	139942
139942	143824
139942	168855
9810	16177
81793	283910
36524	161261
72731	268306
72164	128914
1154	299760
120781	255645
127667	203010
9155	155561
19523	155561
923	295548
33341	303909
57014	57040
57014	129554
57014	142883
57014	249041
8491	192465
97423	228323
2864	4314
2864	228323
130068	197749
88811	283910
130117	213864
576	53711
29824	210085
22978	180674
12712	124431
12712	216057
74648	210085
30622	296323
4559	140048
4559	295938
50907	155561
130741	180674
95722	150779
67793	69662
4497	253479
62106	137940
137940	137940
137940	144219
24029	69662
24029	136699
2545	124431
2545	216057
73039	266201
44362	155561
2128	63920
2128	80795
2128	82350
2128	89040
2128	131113
2128	133703
2128	153420
2128	176597
2165	150309
150309	171069
82741	187328
18474	187328
90432	115948
13159	255645
5589	267499
39754	88155
3884	150309
3884	167893
74829	261145
131532	283910
14676	283910
44146	121229
23056	131609
23056	190175
23056	286237
131491	286237
2539	114438
5302	76275
5302	292663
8496	94333
8496	142659
8496	143127
8496	210706
8496	222268
8496	298074
15593	32037
32037	34543
32037	102638
32037	158674
32037	165791
36014	159581
20520	89256
89256	116902
30197	135461
86273	89256
14823	76289
14823	82482
14823	203010
132171	132327
132327	132327
16988	32240
32240	45825
32240	45826
32240	101757
32240	106825
32240	165166
32240	225570
32240	247341
59905	143127
5170	121229
96458	236343
236343	242079
114151	283910
3782	68971
68971	86136
68971	138565
34196	69662
132771	201201
132614	283910
54378	89996
89996	91021
89996	132870
89996	136212
42982	222268
11867	90340
14004	172920
14004	263809
12458	16177
1560	69662
10484	196313
15754	136699
136699	148370
136699	149946
136699	166699
136699	178857
136699	189773
136699	242494
136699	244485
136699	249976
136699	262813
136699	297631
9089	69662
61376	248454
51699	137488
137488	160172
137488	201246
137488	266782
42286	68107
42286	156688
19042	137488
5149	7124
15139	49385
15139	169751
49385	51819
49385	81760
49385	148827
49385	153958
49385	156023
49385	193569
38152	113621
1353	68107
41844	132553
133821	133821
2869	16177
2869	268313
63800	89996
36131	286237
7291	9381
4875	69662
4875	82460
48348	53711
124096	298074
11341	303981
75570	88155
43759	76289
134799	283910
13139	242444
130080	134857
134857	164575
134857	188284
134857	190696
134857	296296
35825	144275
144275	190627
144275	229035
24556	46818
62362	76289
5374	146190
146190	235282
146190	235812
146190	250156
20979	110476
110476	236009
19489	69662
21860	23056
63379	113621
3338	78194
78194	168092
14660	69662
126	4317
126	16177
126	58027
126	170532
9396	9953
9396	60131
41671	135706
41671	146328
7049	7049
7049	14979
7049	51814
7049	108634
7049	226521
108726	143127
13458	41671
10002	176368
176368	215076
12762	69662
46939	277873
277873	277873
11864	88155
4805	111206
111206	136224
135963	153466
12088	38649
38649	55796
77311	180674
63609	85559
97938	192465
40975	238531
37870	40975
56273	262310
34511	150779
53492	78194
4990	7124
133350	275923
67860	133350
67860	158185
123358	230610
11877	59529
59529	67463
136958	299760
26016	82460
26016	197749
87772	137965
137965	272384
137218	249627
135072	155561
10898	17627
1539	201910
201910	260935
8641	212980
37003	303981
134429	302421
55742	69662
2535	59529
137827	253745
130285	199297
44663	192426
16068	69662
38405	197749
38405	230610
103383	153466
83505	164844
164844	174717
164844	181600
164844	182063
164844	186553
164844	214456
164844	271272
53959	261393
32264	151168
32264	171721
46555	86843
46555	136699
135547	176368
83795	196313
23264	68762
23264	76501
138459	283910
43949	136699
5878	207258
7674	299760
57013	57014
139082	286237
5456	99026
5456	138731
5456	142710
5456	200970
5456	296693
125376	228323
74322	164560
139346	226797
54583	79765
54583	81677
54583	92192
54583	120407
54583	133426
54583	148605
54583	196172
54583	212752
54583	219936
54583	232927
54583	234307
54583	268155
54583	283416
31873	63115
63115	149477
139611	207258
32937	78257
488	176368
10103	212842
10103	249627
49597	78257
1297	251363
1297	253479
46173	139948
91637	106076
91637	135456
93146	137488
31964	81398
81398	81398
81398	83736
81398	137378
81398	174908
27628	88155
22563	283910
61460	61466
31717	155561
23341	240753
240753	245938
240753	252264
31279	240753
2767	299760
127582	203010
7736	69662
7736	90209
65072	273271
4031	127995
20782	69662
7120	203010
72690	164844
22898	55233
22898	197989
22898	264448
75054	210085
15099	18012
15099	25242
15099	28845
15099	31486
15099	35459
15099	52133
15099	152423
15099	180491
15099	190627
3649	14099
3649	29465
3649	86762
3649	87207
3649	109556
3649	144184
3649	192909
3649	205735
3649	246967
3649	256004
49177	226094
946	108174
946	120647
946	248454
946	259107
946	303909
49914	76322
20037	88155
6430	9953
43131	96580
142132	299760
102304	118477
102304	177795
102304	215466
102304	236853
11155	16177
19984	53711
6993	9381
6993	69662
142349	275347
142343	244634
47648	167278
49021	142415
49021	154690
103309	203010
49206	180674
121244	141613
141613	157123
141613	261297
1047	180674
142805	180674
54113	230982
142678	167893
167893	170411
167893	170795
167893	171549
167893	173125
167893	173698
167893	173706
167893	177024
167893	179411
167893	183191
167893	184534
167893	211863
167893	224282
8905	192465
23664	114438
26782	260709
460	24350
43325	180674
793	180674
91026	117260
32403	117260
122400	200629
200629	201129
34378	117260
48502	167893
20449	180674
6617	16177
6617	297059
42493	155561
11057	16177
37741	82482
1249	111703
62900	111703
144697	200525
1300	183276
183276	212324
183276	275963
11780	293311
18225	130604
18225	135626
27006	262310
4818	143127
46834	121229
48940	303909
16118	203010
13938	137488
36320	164844
32249	197954
145199	197954
966	999
966	8624
966	50500
966	145404
966	224403
5605	251244
30056	263809
6650	124431
145154	206394
105830	263809
133645	211566
15643	283910
118288	142522
30550	295383
83363	261145
67829	68107
139308	283910
5008	9381
5008	87103
5008	258424
46192	88245
15672	169600
14919	54583
52068	276905
134423	146974
134423	210600
134423	255665
20939	134423
105174	113377
105174	130321
105174	147060
105174	150902
105174	153584
30107	226797
27542	122189
27542	146658
27542	275569
147326	187938
4406	16177
33038	222375
381	24936
381	63210
381	147522
14115	117260
110386	115948
6853	276992
30795	262310
13169	163950
13169	248090
13169	254836
163950	167807
163950	223719
66121	163950
66693	94266
66693	94281
66693	105612
66693	105613
66693	147797
37739	174695
147914	268306
45206	64074
20859	137251
20859	167893
137251	205678
137251	265086
48194	137251
2890	163950
2890	210324
2890	248090
2890	254836
30055	78194
38164	78194
6408	51644
6408	58027
5942	105174
15474	283910
36890	52725
52725	56974
52725	83912
11185	52725
11185	136699
148641	286237
20974	88245
19226	197989
38652	69662
149181	149181
38004	124431
8819	58755
8819	88155
31996	149344
75385	298074
137707	159475
159475	185809
159475	268926
26662	27542
103280	275569
25786	66393
25786	149185
25786	222058
25786	225758
130507	210085
14337	283910
48574	268306
103930	302116
23809	25786
23809	113303
150112	268306
123565	136699
91226	262310
50790	57304
57304	127053
3090	60690
60690	94627
60690	290925
37760	76289
25987	179598
13980	163950
55696	152000
150801	258424
5124	5131
5124	11959
5124	21605
5124	24384
5124	41555
5124	54309
5124	57208
5124	61183
5124	67597
5124	73838
5124	82564
5124	85790
5124	102190
5124	109108
5124	127093
5124	131205
5124	158118
5124	170262
5124	183077
5124	220961
5124	222391
5124	237027
5124	248951
5124	261922
5124	271872
5124	287534
73804	203010
4760	69662
12763	151115
12763	180674
21624	49385
113869	180674
100167	240753
35293	58027
21277	166462
101255	136699
101255	194418
54092	253479
90209	198233
5621	110476
65160	180674
83592	86843
86843	95922
86843	110480
86843	111154
86843	144338
86843	178098
86843	185841
86843	238004
86843	267152
86843	277195
7680	60690
9697	173905
173905	175448
11577	240473
46198	121229
112242	277263
123812	136699
10509	117260
13792	51644
44157	44163
44163	86633
16612	49288
83988	188797
39637	253479
39637	278241
109093	278241
50649	240981
84931	223822
25234	44163
56876	286237
59745	109234
109234	211669
1192	69662
154198	167893
32277	278241
67597	283910
154377	240753
72301	113884
93482	124431
243	115948
9537	64074
17128	299760
103891	228905
44028	88155
65822	228905
6059	25607
25607	75825
14561	133533
7684	9953
7684	178568
178568	190627
6702	54583
72040	85501
72040	253398
85501	161301
154991	188797
21715	223382
140037	151954
140037	155071
140037	158356
1509	242061
67126	99751
2514	9953
19175	96580
6832	99751
155407	258424
12096	120729
169751	256318
835	169751
63125	69662
138607	213864
9170	9381
51902	66145
51902	212446
25083	25083
25083	167746
25083	172087
2856	16177
75846	206216
15227	16177
21340	34384
21340	139758
21340	150836
21340	231036
4319	120729
18981	258424
2637	72926
37283	276992
3060	63115
8086	54721
8086	77183
50687	179572
179572	179572
18064	275267
55533	268306
108380	136699
47821	275267
30057	47349
30057	90340
30057	117260
30057	159434
30057	268306
6431	140048
2449	258424
111300	226797
8502	16177
54315	88242
7182	23610
7182	167209
7182	176305
30798	87103
2417	9953
4329	100063
4329	194951
4329	255636
78317	226094
157069	236343
25485	93402
54630	250707
3544	62252
62252	62252
62252	186560
62252	205230
91088	286237
30642	60690
30642	147317
30642	178568
24201	82482
92259	181126
181126	189432
90416	183596
74117	129492
129492	175021
129492	263684
19435	172920
172920	192260
172920	202132
3382	140048
3382	295938
3785	173905
157714	159772
22751	85559
4779	140048
157154	255636
104899	140048
104899	197989
74022	137488
86599	119318
119318	242365
2003	196924
15725	140048
11399	236343
133683	155561
51805	109524
9321	283910
9857	28655
9857	155561
42011	140782
102597	103905
9554	54583
5097	47176
4441	4441
4441	231380
8490	42011
1912	88155
84906	303909
57707	203010
24480	61952
159646	283910
24857	24862
24862	24862
24862	242400
13743	13743
13743	48748
13743	72569
13743	144710
13743	155138
13743	238235
13743	286884
13743	293166
1580	69662
42222	192465
72187	144190
45289	218315
44395	104836
44395	151429
44395	159947
44395	163899
44395	168993
44395	235005
44395	274587
44395	287945
31121	117260
131419	160060
37961	110397
37961	131466
37961	135475
37961	171287
160055	203010
158594	238531
238531	259144
60746	137488
15965	149181
160642	174695
71676	117260
152186	238061
24427	236343
24270	79355
13623	88155
7028	136699
161050	228471
4289	43949
4289	125433
61451	180674
161285	221263
117614	161304
64658	212446
17157	230610
154993	161324
154993	191082
23779	120647
120647	158129
343	61871
112120	136677
17419	172144
172144	260959
24590	140048
24590	295938
57009	221263
161826	283910
16513	169600
22150	72187
44891	111206
44891	133533
113303	132980
113303	176486
29555	35899
35899	35899
35899	130501
28498	76915
28498	167893
25238	154993
20941	126088
15265	25223
15265	148246
135803	165264
165264	265418
30797	35066
30797	53682
2888	66145
2015	121229
11322	121229
11322	219258
63137	204031
2763	117260
39760	148246
70742	121229
73139	240981
64596	98725
1843	252301
6451	284226
16355	86843
13766	38649
92623	268313
13794	299718
74443	156688
45347	55021
1787	89996
36732	55021
52050	119318
46070	251244
93839	134857
64617	139942
53391	124431
12174	16177
28494	35023
28494	172778
28494	232940
1314	16177
164950	299760
50590	165264
40881	167893
36370	88155
19886	122082
892	259518
11440	259518
25562	33418
33418	136484
461	143127
3656	176368
89400	303909
165795	271540
12036	53711
4530	171107
171107	181778
171107	234994
171107	265821
84359	251244
10153	304869
503	121229
40837	109469
89617	163950
112081	192468
192468	238442
122914	262310
100068	116109
100068	132156
26596	28204
7806	176368
112619	242444
105647	183276
8811	17627
968	147317
92701	283910
63595	90340
110619	192468
88295	163950
26321	203010
6425	16177
18560	21340
6482	206216
1101	16177
149186	167535
5469	140048
5469	295938
69910	140048
69910	149186
30264	43261
30264	57208
167834	249627
67299	82482
14005	115948
14005	173905
14005	192468
14005	230610
14005	236173
16391	95224
16391	134661
16391	151293
16391	167960
84088	217201
75741	167880
781	47176
34814	143246
33815	136699
168096	238531
3783	217604
217604	285175
2866	253479
23068	25223
28699	116428
58985	180674
37763	86843
60156	88155
96553	202340
202340	202373
202340	214892
202340	239062
6562	124431
20600	88155
38273	86843
2431	299760
45837	68107
63629	82604
63629	82899
82899	84121
82899	84453
82899	102795
82899	103415
82899	109137
82899	254381
82899	286590
5556	180674
78753	88155
167807	248090
167807	254836
67830	151543
15427	226094
33172	172920
853	16177
853	49949
853	115290
853	144995
853	295351
144995	165611
144995	166511
144995	288166
12771	17627
6802	121229
73246	226797
52250	69328
52250	70818
52250	82482
668	5124
10586	172920
26290	75741
4476	203010
169679	183276
19951	226797
13545	60690
26724	144995
47344	58454
58454	70371
60480	99437
21045	173125
5003	82604
5003	82899
3224	167893
7350	167893
7130	167893
2691	163950
2691	254836
44756	171107
59258	262310
130793	167893
1112	117260
1112	167893
106864	167893
33304	167893
170461	258424
170449	283910
44423	167893
58759	117260
1227	268313
323	167893
32258	167893
39841	113621
39841	117260
11390	16177
170773	240753
18255	192468
12877	117260
170704	206216
19040	167893
90313	167893
24016	167893
88606	244294
18417	119406
119406	119406
119406	180054
119406	225653
2578	260053
4123	29225
29225	180270
102788	202340
156477	171412
56029	167893
49594	167893
1057	268313
102565	117260
3182	86843
99460	167893
24067	298074
117431	168911
171824	267373
171512	206216
43477	82604
43477	82899
82604	84121
82604	84453
82604	102795
82604	103415
82604	105928
82604	124539
82604	170455
82604	260024
39611	69662
2055	68003
3332	70872
3332	169689
25835	69662
172006	268306
6700	167893
172143	172143
12445	68003
34505	95644
34505	112570
34505	172160
115095	153916
115095	172211
69492	88155
4754	303909
13084	167893
42091	183276
172651	236343
12254	137251
161523	168713
161523	180022
161523	186723
74024	167893
132663	173086
132663	289810
156824	161261
13499	176368
151705	258424
75820	162987
173588	226094
1243	129492
83644	268313
4457	136699
17936	82604
23976	69662
84524	218315
82638	237964
911	96580
911	176104
176104	176104
113167	174314
16409	226094
4790	16177
4790	170631
4790	207291
174205	299760
40403	155561
30872	258424
72466	298074
220	212446
19580	113167
29519	251684
5841	113609
2388	16177
30665	176104
8796	96580
1010	113609
19514	25534
25534	55244
25534	101592
25534	155138
25534	209330
4459	16177
6122	140037
125430	175348
125430	175491
125430	179795
35652	39712
9418	35652
2356	192468
82449	88155
28997	226094
39335	84154
18249	25534
15205	17627
37269	167893
6294	153106
10462	85559
39267	222648
36378	117260
69461	131778
13513	150544
2135	137251
176770	283910
8481	72926
8481	105098
176909	235272
52419	302766
106458	177010
5839	9381
26217	299760
39149	82482
19832	299760
117860	136715
42293	52103
42293	104779
42293	117860
42293	190627
43834	84154
5758	9381
12431	121229
133136	248157
82974	299760
177682	282260
177684	259518
84618	282260
130732	293311
54784	173905
22949	230610
19603	89996
37381	85559
28957	72926
38543	60131
178742	236343
1470	194951
105488	283910
13624	172920
176900	248157
38677	96580
1675	15099
2907	9381
83307	84191
2649	66404
92320	151558
92320	248157
179321	217604
37843	60131
37284	156688
15802	217604
2554	4307
30855	251684
179819	251684
122439	155561
4487	46285
114543	179939
180085	226094
46369	259107
46750	180522
180688	299760
175438	179572
125852	207291
152	236732
9472	211844
81452	114543
82425	88155
12861	57478
12861	93590
12861	192879
953	268306
64756	69662
9735	17627
78934	180674
36947	68107
13493	58454
120063	174599
95021	283910
3830	263809
49364	197749
49364	230610
51465	158779
41802	88155
158474	158779
136715	182036
50885	86843
8089	147983
12470	113621
12470	226094
24849	205219
40221	202340
12283	230610
104235	180674
164257	211844
8434	169648
8434	183345
7817	169600
4787	109524
14174	254931
4579	89773
4579	90009
5038	183596
176492	216950
69757	113621
110	293311
41132	85559
10458	79793
3890	98028
64981	98077
184192	283910
37576	128015
128015	275870
3045	274746
902	277140
11144	284342
6638	60690
6638	190627
46051	88155
49116	136699
183074	268306
36209	268306
36902	96015
149421	180674
172147	184899
172147	202244
172147	293973
3475	184965
38780	136699
80016	172147
21739	40499
58152	261393
30880	180674
118469	161997
118469	185154
32723	58027
89610	163950
24846	88155
106206	193641
2355	140048
49466	111206
4920	16177
4920	224960
12819	88155
66742	123389
15001	93402
15001	222268
123740	139126
123740	153808
94244	206216
27322	88155
180426	260709
5235	273271
54337	132217
54337	236732
4863	85559
123806	208191
208191	226487
52195	64074
108832	213864
108832	249525
47122	72926
186546	228144
228144	256618
17054	286237
14555	255645
186789	236343
6032	212446
128439	189403
102003	117260
46815	163950
57207	299718
187464	262310
5510	211844
7774	214182
105911	226797
49055	52725
49055	88155
49055	136699
26066	75741
23691	140048
56081	169689
187709	193641
12499	87103
87103	141961
87103	164387
143150	155561
19041	20862
19041	188370
164387	238061
16128	121229
89759	268306
47080	76289
4314	7541
4314	8351
4314	44209
4314	53176
12809	17273
39437	166462
1231	151168
1231	273271
189146	192860
46606	192468
86086	216057
86086	280879
56175	142663
44568	72432
36410	53711
10173	283910
190026	283910
51856	182036
189392	268306
59688	286237
53682	190122
21477	268313
19436	21042
63383	183475
37790	292872
148809	202340
27566	170936
21579	181126
1129	9953
69020	96684
96684	258018
77085	144995
58147	192468
104656	283910
160431	263809
69167	248454
98736	283910
104615	197989
1644	236732
191823	248157
14349	191846
1637	14349
33267	75250
6206	33267
34108	238531
501	16177
501	82460
41274	167289
172070	217604
28736	53711
192609	283910
71866	120933
71866	165510
130422	258424
11946	21739
192803	283910
7345	303909
11802	16177
1494	98028
1494	144275
55418	72926
107616	109524
2200	106302
84820	286237
40627	271540
9876	16177
12749	176368
12749	215488
4682	82482
103016	150309
49211	121229
101647	285951
22834	44163
8810	17627
5574	169689
7421	17627
24332	155561
194974	239422
3650	9953
3650	303909
149971	256716
7999	293311
195117	227552
109777	275923
35452	55233
190411	204519
204519	210254
58040	204519
147335	285951
25366	248454
144757	226094
46101	287213
190627	190627
190627	194951
190627	221494
190627	228323
190627	251363
190627	254684
190627	256756
190627	262310
190627	273271
190627	278480
190627	295383
10763	81366
81366	185655
19382	81366
31666	45290
31666	195714
31666	267017
48796	190627
4901	81366
68235	82482
118478	164844
61485	117260
44420	169689
196545	250573
36091	218315
13677	117260
131917	260709
80131	82604
80131	82899
54087	54124
87578	184287
184287	201979
30817	136699
32337	102875
32337	143552
93338	186580
7401	16177
48238	68971
101730	171254
83126	231770
231770	234786
47349	65608
197103	229982
19905	173905
51639	249261
197511	283910
196651	204519
75191	287425
83207	152379
83207	265506
58310	148323
29303	88155
25137	235272
86065	303909
46856	92929
37986	200629
31740	136699
18734	251244
18734	299760
929	6789
929	20762
929	37487
929	92310
198473	299760
163979	236173
144888	161261
153	6206
5925	121229
9539	113621
52442	193671
193671	198526
79220	194660
194660	196285
80695	268306
28761	148246
44141	82604
44141	82899
66438	136699
1226	212842
83561	278241
21917	40629
40629	218471
65669	180674
97939	113171
97939	199426
97939	203801
104552	244634
22329	283910
13898	88155
199683	210706
1504	16177
156266	203384
6044	58027
193745	196313
18657	19570
120394	231770
200102	268306
98969	226094
82417	88155
85781	207291
61488	163684
61488	209396
61488	290350
477	16177
5246	230610
13787	16177
7648	9953
99438	113621
11347	200629
200715	299760
9042	111206
10345	16177
13746	15099
117113	232377
82325	232377
51888	58027
15644	16177
103025	113621
191002	204519
191021	208191
12389	82433
6251	284342
10377	19400
57646	97179
29174	33418
34028	208191
81851	86882
81851	200305
11999	28498
10232	39262
10232	68667
10232	91160
152873	180674
201824	236343
68830	240692
202039	283910
113120	156688
23766	240753
123131	196703
29533	149480
6002	30264
110142	196313
67306	88155
63409	173526
202550	226797
16347	82899
19296	138676
138676	160073
61037	183596
13221	79512
79512	79512
53139	72500
72500	165674
72500	286621
90655	247795
108246	115206
23354	213864
28137	53098
28137	166128
28137	203532
39291	164830
19464	268306
43469	76289
193189	204519
11248	66606
3727	48578
3727	291757
104632	153582
204068	248144
3856	115290
115290	119417
111405	204064
31296	111405
11242	140048
85706	88155
15736	16177
15736	177445
71403	136699
75770	117260
60621	283910
45808	190627
57583	286237
2281	176368
101996	223284
187879	300123
25668	115290
11581	252579
6825	142663
33784	149373
7133	16177
34232	149373
205357	251363
202412	205504
27939	82458
23824	205504
338	83988
39578	83988
205769	268772
9460	39712
15819	167893
53387	155561
5073	58334
58334	127719
19178	28699
206546	260053
37862	197749
66386	268306
28633	167893
17173	76289
1609	96580
5333	77814
206889	263331
206984	286237
628	79296
24887	87103
107498	253479
31219	96580
84442	165264
11886	116276
44015	121229
19982	194951
7083	136699
2315	289502
131062	211844
19835	183276
37994	88155
63716	86843
1167	91960
1167	122745
1167	134455
1167	165750
1167	205086
111053	208319
6867	96580
208439	292186
21311	79582
21311	168060
19554	289502
140893	263331
10778	16177
11839	79296
5350	268306
12052	82285
155263	209288
95524	209346
1604	293311
16061	155263
54578	268306
1113	49385
2682	52250
64792	70032
70032	164053
6623	295383
17938	194951
42640	236343
18533	111137
23447	65619
23447	83352
89304	109234
15394	69662
98731	277400
116767	231444
39495	231444
92914	210316
55136	223507
100063	112015
5636	176368
9019	38571
42684	185809
8159	117260
51587	51587
51587	136794
15388	105174
12911	226094
193102	211775
193102	217977
612	120729
112788	114524
67203	137488
75363	226094
107541	251244
13239	69662
212341	261145
153958	155263
29237	54583
31250	260053
6158	140037
32138	52725
54576	203010
78433	85559
78433	286237
88421	184453
88421	190627
88421	206409
74606	293311
2446	253479
27933	170936
180278	209716
95430	209530
95430	213315
95430	213682
40376	115948
223511	243978
65732	146190
73210	176368
96787	110646
11109	150309
3394	228905
12842	16177
18416	119406
67586	210709
13379	19570
13379	303909
42707	113621
30272	300123
6837	23768
6837	64341
6837	181564
6837	294275
6837	296531
214546	227552
2645	81366
2645	303909
8506	251969
64355	251969
174092	199655
174092	256445
78708	174092
3392	19570
27703	268313
36545	207356
214996	283910
4350	142843
142843	239426
30004	180674
212654	283910
36566	109524
137687	264359
184012	228905
2451	228905
56442	83912
213522	223511
73183	79793
202059	210709
215890	258663
215963	258663
55193	210324
210324	223719
216180	292872
28655	41037
28655	129861
28655	210720
28655	216306
2201	155561
163973	229982
166128	194951
21883	119990
21883	235244
18828	88155
28339	126088
134582	167893
229	139942
68936	268306
217388	223511
32504	88155
149440	237910
20673	140048
93237	194951
218012	226094
140406	218172
20778	134423
124456	177056
218524	255645
7959	9953
218637	221263
63010	216950
1915	105211
1915	213179
15087	58755
1562	7124
154749	226094
39627	111053
37887	68703
37887	89303
37887	256445
219472	283910
78431	120647
134009	156774
992	37887
61996	61996
55632	64074
23752	244634
3074	61996
90156	303909
7481	96580
51280	229982
19224	19400
25261	280879
220961	283910
54079	124431
54079	155561
109489	270858
30030	90340
30030	117260
15584	167893
221113	236343
7298	200036
18620	283910
35487	77814
1438	180674
67440	200036
43341	239751
91573	292872
221420	268306
70297	142663
32005	163351
53107	105614
2219	88155
7101	156688
71422	226094
152626	200629
83434	121229
221950	290936
49207	121229
76342	96580
6221	180674
135686	143246
77569	260709
11675	16177
8663	203010
13232	216950
222258	292872
222224	255645
72580	177040
21992	28553
19847	28553
93183	238697
93693	121229
63807	183596
43876	222663
1821	155263
45459	155561
6990	143246
53545	194951
35907	283910
98593	258424
209405	268306
76371	121229
83699	223184
83699	228331
25148	36483
25148	55452
25148	99688
41877	230610
57631	169689
2343	70872
2343	169689
46846	224029
48578	157461
21266	54443
18639	58027
18639	230610
122024	224457
20813	180674
14659	88295
14659	89606
10802	142663
108940	162126
13641	213475
30943	155263
6126	43876
47913	180674
110795	117825
110795	202205
19014	49021
31473	51071
31473	51076
203910	204519
225795	225801
225801	225801
90261	117260
112503	114524
20424	41311
120490	216279
120490	225880
14282	113621
80396	113003
80396	137750
80396	145742
80396	154246
80396	227153
80396	284895
195526	277567
50781	167893
64016	227486
64016	227492
227566	261145
9783	88421
9783	277567
57117	299760
43094	70410
10795	69662
60063	173905
48447	199778
199778	211606
80549	227859
80549	233563
56733	238531
9760	155561
206567	283910
35982	226094
80400	120339
80400	137750
80400	154246
80400	191557
80400	227153
80400	245621
16096	172920
38845	84191
29327	43094
225915	268306
42224	137488
7216	70919
7216	72084
7216	183276
44158	93402
25855	299718
7395	16177
63413	165264
139865	170981
139865	229270
11591	13743
130938	169600
4641	117260
16158	115948
55059	268306
19926	70872
70872	108503
70872	217728
9111	57764
11980	116276
38446	206216
16140	115948
31754	88155
7703	9381
7703	169600
19897	238697
78597	115290
19096	202340
111928	136699
14618	302766
82996	304325
110425	146190
150764	260709
150764	304325
230785	283910
4808	9953
20225	69662
33851	230910
17947	25534
27167	283910
51093	173905
145742	236670
26603	60715
26603	190627
54265	190627
172502	190627
130991	190627
24699	190627
52570	190627
231266	240753
44563	112512
14180	221494
12999	190627
25099	61952
31593	39725
39725	270259
89887	117260
15984	39725
15984	180101
17043	236343
230440	283910
201383	232751
16550	16612
15888	107424
3800	88155
16973	303909
140750	231692
83546	88155
6692	146190
99118	180674
3644	203010
160592	230610
36995	113621
94558	260053
28613	60690
10480	69662
39434	120490
61922	120490
90826	123201
116079	203010
233261	240753
27797	60800
60800	82196
7764	303909
70683	105174
153992	167893
205374	205374
205374	218479
205374	238777
205374	271590
205374	271748
205374	272762
205374	278548
205374	282590
205374	286467
205374	299539
5668	71998
80725	183276
3239	90826
3239	172502
37561	139865
125870	189741
13755	117260
21772	240446
3998	255645
234266	302766
179170	273271
184344	255645
35543	121229
82880	117260
216159	242061
223719	248090
223719	254836
179612	179612
179612	234908
23055	196252
157273	173453
220269	222198
94900	157273
12395	115206
46081	172920
22299	235272
141961	258424
2509	183276
77360	172920
71188	218897
5891	165264
11744	85559
3725	169600
12947	258424
26653	203010
7231	143127
93034	255645
159933	180674
133281	155561
67762	283910
188546	193922
188546	220790
186381	197989
58678	180674
17482	180674
47953	155561
4607	121229
36306	109524
132517	202340
177874	292872
19594	180674
73376	140037
109490	270858
3539	88155
105098	125209
19195	255645
807	146190
17140	124431
90417	141539
67140	117260
59072	299760
170925	244509
238151	263809
3057	268306
67070	168427
238307	299760
14760	299718
20142	58027
8853	161523
78056	123740
3267	5124
225468	233922
13177	16177
15765	67860
22010	201910
213082	258424
11526	117260
233922	292872
253398	253398
22663	118469
146096	180674
4326	60800
4326	109234
43920	123740
75713	246888
6496	194951
20441	295351
14973	68776
6659	140048
49604	76289
80916	226094
30454	156688
91390	183276
17801	68504
17801	240618
196832	284226
2495	9381
72814	98641
216697	268306
25399	80396
197094	238531
12826	246888
92412	226094
4383	150316
82953	117260
28706	69925
69925	205438
8691	180674
22290	150309
4434	72814
46363	203010
3919	268306
222983	250528
134575	156716
156716	242317
240561	242444
65578	303909
79620	221263
14918	25223
15325	77814
15319	77814
1307	292872
216973	239422
139504	203010
33015	283910
110330	134676
4977	169751
33681	117260
122751	222999
10201	236670
215329	242444
24456	25435
200094	203010
68112	85559
17207	258424
116200	299760
30465	236628
236628	269561
15829	142663
1527	94333
94333	94694
130207	243707
207488	240591
120101	223511
214599	238531
241286	283910
109727	136699
36353	192465
17787	139942
1015	117260
155251	243038
88353	170936
12565	156266
61198	70919
61198	215488
5831	67860
23998	121215
90759	208191
244554	255645
153003	164844
15868	77814
2390	218315
94387	218315
32092	300123
3330	299760
203322	213864
94271	109524
65562	88155
31115	206959
31115	214901
14765	68776
3148	90340
26972	169689
13089	117260
13089	150309
141725	217604
180419	251363
12262	251363
60163	180674
195777	220269
50669	161523
245723	283910
45052	292872
6928	228323
60074	260709
33665	177445
147744	173905
32229	117260
49094	223521
13697	19570
89475	223521
63228	253479
29148	40415
4743	295383
118982	203010
16530	82482
43282	117260
4541	290368
10028	180674
11163	207004
34538	61952
34538	194951
48694	168427
69953	180674
35383	51083
35383	222129
203723	221838
63663	155561
673	8086
5034	117260
33664	117260
26490	303909
55089	69662
7239	28845
6133	16177
45160	290368
34601	70032
32996	112991
115412	268313
86581	115590
115590	249341
115590	249446
211486	249288
249442	286237
12463	258424
54885	115590
249929	300123
249950	276992
181970	250111
50178	203010
5997	208405
7557	262310
134919	147983
190505	250500
13336	88155
68891	268313
23763	117260
111073	183596
98106	247313
11326	180674
229443	264016
91991	283910
2558	283910
116344	203010
16582	295383
162950	300123
72056	246042
192422	226094
55680	67687
107831	180674
8083	16177
2510	114524
16003	69662
16444	35658
252829	283910
6693	9953
19033	84191
162455	252776
162455	252908
127972	203010
124471	180674
100742	140048
253059	266201
21479	47176
21479	88155
21479	192426
7112	19272
19272	49602
7713	19272
14211	96580
61027	68616
68616	68616
7656	87814
7656	253332
7656	282732
104166	192465
25340	203010
94419	98106
112087	150309
26897	192465
70583	95430
132433	180674
60049	90340
173292	303909
95799	126285
26971	117260
8682	278480
49478	115948
114277	287213
58215	117260
74920	86843
254753	283910
31622	146190
255187	292872
255217	288254
23949	30813
14334	16177
64142	267189
192260	268313
150724	283910
205283	259107
14702	76289
98349	282524
100215	256058
256226	268306
42234	69662
199008	201233
12377	16177
8207	183596
178959	194660
11128	47176
42344	85559
18916	61952
18916	194951
48490	238531
45831	258424
26177	76921
83308	108750
108750	243762
20123	59452
59452	270058
59452	271436
56475	108750
75878	201233
39843	137965
38389	129901
154	155561
70061	228905
11451	69662
257625	289502
4617	211486
103743	226094
52566	268306
113368	298074
30568	262310
73838	193671
61433	82604
12651	35587
35587	231977
48991	180674
95170	207291
227764	240753
227764	261247
13524	68107
56527	192468
258735	283910
226596	254860
254860	256604
172910	268306
64936	79296
4998	268390
18264	299760
19257	117260
20124	222268
69426	86843
22475	276992
103186	231444
33924	53711
253424	303909
42496	303909
17918	224404
38305	89616
53055	139865
261247	261247
25631	110045
25631	136699
45300	88155
4753	64074
47011	117260
57840	136699
28667	167164
38661	119318
44209	192468
121301	194951
5337	168167
4118	192468
147132	180674
254244	285150
34610	93682
93682	261637
93682	276558
27907	258424
432	203010
14001	53711
53412	88155
57104	88155
86214	89802
261212	261212
6675	251244
261419	283910
15583	86843
127565	226094
1187	93682
18195	251244
154236	176117
261381	268306
177980	225468
76995	113621
78491	93682
253276	267189
12680	19570
12680	119496
96942	262541
96942	262542
96942	262548
74344	238061
54129	164012
54486	300123
23638	64074
63091	263073
70744	167893
113051	113051
4024	4307
20425	88155
78898	137251
120041	235240
235240	247531
57512	82482
30890	58027
18852	96580
31935	254836
45883	203010
16160	117260
120344	196252
62690	168911
257826	264179
48927	121229
136233	254836
15761	269770
269770	269824
269770	274751
269770	276364
60273	88155
195420	204519
7334	117260
146812	202340
36366	226072
226072	265218
155938	283910
158373	158574
265272	293311
47775	84937
84937	86146
160580	180674
263399	263399
263399	265619
46737	86843
45251	117260
132174	235729
57637	131981
135634	238531
100224	165264
57371	109524
138759	236343
87389	117260
266652	283910
45232	137488
110653	235729
132505	154626
64610	180674
2794	117260
2794	268306
5624	108750
89342	266347
55466	79296
267411	282524
2734	262310
75675	234016
98714	267703
267717	298074
85296	117260
107623	117260
86707	240394
48588	109462
106342	180674
20383	164012
264286	295383
267835	286237
8734	64074
39478	200509
10078	117260
10750	268972
29770	235272
32794	76275
22233	58027
6977	47176
60185	268792
145370	183276
29698	226094
38262	167893
212312	235240
24297	282524
110393	188393
50293	188393
18052	180674
22708	155561
3146	36961
44384	236628
39640	151558
182611	222268
131540	146190
3721	180674
155883	180674
142399	269770
127083	213864
30242	159475
270640	282524
21701	70872
35430	99163
99163	148117
271135	293304
26294	86214
12949	212446
53698	144171
80129	146190
112127	197623
85733	284342
40923	155561
71732	203010
233082	268313
272374	284342
49949	100854
35211	46818
112423	137965
7951	283910
6871	97939
204537	212446
34318	49949
63522	300560
3619	202340
32155	113621
45406	273286
20235	76289
56729	245083
271099	286237
273413	293304
35061	138794
92818	196313
3602	138794
44856	84154
215055	286237
19261	98106
7597	16177
114885	215490
71123	222375
48909	53711
122790	225468
8141	254836
159591	300560
56342	88155
8431	9953
63323	159479
17279	215490
100648	238061
60596	70872
142625	155561
170864	240394
145103	267189
26098	268306
8904	192465
151871	154626
13598	151002
3501	88155
28232	85947
65907	156688
42451	226094
6722	146190
75239	229982
12856	88155
159923	183276
240692	264642
13436	16177
2309	126088
2915	233853
31360	159479
31798	156688
26403	97939
23064	284342
71987	77380
77380	239248
121411	258424
6017	253479
50487	61952
4302	126766
9149	236343
80364	117260
3515	47047
40319	173905
257456	303909
27483	47176
53349	88155
66649	233853
5801	16177
53176	93682
38261	88155
71627	173905
91128	156688
107873	212446
142659	278449
1911	9953
121341	187917
137901	279007
25933	193221
193221	280977
62037	187917
128514	137965
279045	279372
37647	222999
4156	165264
108188	279626
23142	279626
70289	191601
5799	186416
128858	279452
128858	283003
6178	9381
18382	128858
54947	119994
119994	169067
100295	268306
41536	279889
10147	88155
35097	277740
29845	32240
46423	111206
40285	174219
103270	176368
8131	136699
147038	236628
91622	229982
70305	142663
54894	117260
158670	189205
23655	168329
168329	280708
15835	229982
96498	134857
70177	80396
272128	272330
272330	272330
43422	55233
8860	14659
14877	153466
102383	196313
20832	122414
4044	132266
4044	273271
123496	194418
66840	200681
23157	55233
271631	283910
18570	180674
74944	91433
67102	211844
202321	226142
202321	281754
131435	180674
94336	136699
37878	82604
657	35204
170784	215490
12720	88155
41633	88155
187308	226136
27144	222239
255461	282076
255461	282148
24885	217650
24885	282299
715	200681
19544	271490
59807	155263
46019	239164
98676	183276
5618	9381
150940	176273
48709	207004
99704	117260
48575	248454
42694	196313
22094	240446
44153	53711
68703	174092
12016	282524
56685	259975
10120	47176
174604	187308
292663	295656
292663	297145
192278	259975
13190	16177
49132	88155
283200	295548
22906	79296
6664	88155
283596	299718
115266	284417
54025	71188
129604	266895
129604	297212
54356	289821
55292	217604
531	108174
7827	213864
185633	285150
74130	134344
17143	68107
9630	196313
82284	284342
2126	24350
244401	284342
10920	283910
66354	88155
155175	230610
5146	133533
14224	249627
1387	1387
73537	88155
139894	230610
170260	249627
103861	172920
8129	58454
59228	96684
8744	136699
276	5124
28823	273338
86653	95240
95240	229913
7067	16177
4701	35383
134263	236343
41928	77917
41928	275166
32399	299760
25111	140048
250982	284342
171560	172920
24158	222577
34918	222577
118200	236886
159062	227669
68311	96580
132266	153708
19506	124431
3345	117260
2518	284342
55910	69662
101467	295383
287784	293311
91435	290870
287884	287884
19707	290870
7525	236628
7396	51587
284625	284625
284625	288588
37118	205374
60182	84016
60182	158848
41994	117260
70734	239164
288901	301232
32290	96580
53928	210706
112167	116005
112167	289256
4746	21042
42140	66178
31864	42140
44227	94333
118218	243560
143698	289511
12990	243560
158735	285051
93166	285051
6573	168923
91138	94333
117401	121737
92838	191601
7495	55233
31246	31644
135607	225468
6487	84191
87517	145839
20934	55233
6847	16177
156480	293304
115093	184805
12264	268306
279458	291894
16548	292210
1385	180674
56681	268313
126590	155561
4353	304443
90961	155460
39823	90961
17568	115290
19199	254684
51651	119994
33349	136699
106900	226094
57337	217145
81308	238531
50174	293355
60035	136699
31321	132522
84974	240753
131940	190436
131940	293557
29931	292927
94611	180674
24792	258424
3261	114438
67324	71855
67324	76197
44502	69662
111413	161261
294125	295383
294134	303909
77613	203010
74739	156688
38835	259176
259176	295810
12407	293311
51172	282448
6662	282448
12948	172144
128110	194951
2718	44395
4531	96580
81434	88155
3761	117260
45033	288871
17810	45033
24004	80605
24004	86013
24004	86969
24004	88013
24004	89555
24004	94115
24004	114357
24004	125849
24004	130350
24004	155469
24004	170421
24004	207362
24004	279185
24004	298574
24004	299075
20404	24004
19365	213864
138067	143246
107287	139865
5021	24004
32654	235179
235179	296295
19630	51644
254211	292210
31017	226094
77440	266320
3986	268306
50987	96767
3661	140048
16428	90884
93210	96767
235707	296332
38	192468
844	24004
3210	90884
29295	268306
286688	303909
219479	242061
6803	16177
18920	229982
102880	105457
279044	279045
82914	153585
35412	118763
118763	118763
104176	218534
44466	303981
30108	156688
43839	298099
91673	169751
30998	114524
240161	260709
68843	164844
42733	48578
93582	259107
126119	296641
79923	296641
9918	88155
73255	296641
3826	137518
42894	76289
12780	35587
14294	117260
102975	119318
22278	83252
22278	200354
67361	203010
137576	185363
137576	279185
